Webots Project File version R2021a
perspectives: 000000ff00000000fd000000030000000000000320000003b6fc0100000001fb0000001a0044006f00630075006d0065006e0074006100740069006f006e0000000000ffffffff0000006900ffffff00000001000003520000037bfc0200000001fb0000001400540065007800740045006400690074006f0072000000001a0000037b0000004100ffffff00000003000007800000018cfc0100000001fb0000001a0043006f006e0073006f006c00650041006c006c0041006c006c010000000000000780000000000000000000000780000003b600000001000000020000000100000008fc00000000
simulationViewPerspectives: 000000ff0000000100000002000001a5000005d90100000002010000000100
sceneTreePerspectives: 000000ff0000000100000002000000ba000000fa0100000002010000000200
maximizedDockId: -1
centralWidgetVisible: 1
projectionMode: PERSPECTIVE
orthographicViewHeight: 1
textFiles: -1
renderingDevicePerspectives: Mavic 2 PRO(1):camera;0;0.133333;0;0.147887
